4747972
4747981
4747982
4747984
4747985
4747994
4747997
4748002
4748012
4748020
4748024
4748042
4748050
4748058
4748106
4748150
4748164
4748166
4748170
4748194
4748231
4748248
4748273
4748295
4748310
4748376
4748383
4748430
4748456
4748491
4748511
4748512
4748522
4748592
4748980
4749005
4749066
4749102
4749116
4749117
4749118
4749124
4749131
4749138
4749146
4749147
4749155
4749159
4749173
4749176
4749181
4749194
4749219
4749251
4749259
4749297
4749306
4749313
4749393
4749448
4749500
4749501
4749517
4749528
4749535
4749553
4749574
4749588
4749593
4749600
4749611
4749614
4749619
4749632
4749643
4749653
4749663
4749667
4749670
4749681
4749691
4749694
4749695
4749700
4749708
4749715
4749721
4749725
4749726
4749727
4749731
4749739
4749740
4749757
4749762
4749767
4749793
4749796
4749800
4749802
4749805
4749806
4749809
4749814
4749816
4749821
4749831
4749836
4749841
4749843
4749846
4751068
4751111
4751115
4751116
4751123
4751129
4751150
4751158
4751175
4751198
4751207
4751270
4766100
4766168
4766209
4766218
4766227
4766237
4766781
4766801
4766839
4766885
4766914
4766920
4766934
4766939
4766959
4767015
4767042
4767054
4767058
4767081
4767170
4767190
4767196
4767213
4767215
4767216
4767275
4767318
4767325
4767332
4767343
4767391
4767487
4767491
4767569
4767607
4767612
4767618
4767692
4767694
4767718
4767719
4767722
4767726
4767730
4767733
4767737
4767753
4767804
4767809
4767810
4767820
4767829
4767839
4767864
4767871
4767881
4767888
4767893
4767894
4767907
4767908
4767910
4767920
4767923
4767934
4767954
4767972
4768030
4768092
4768119
4768142
4771558
4771595
4771638
4771663
